[HEADER]
VERSION=1

[BASIC]
WHEELBASE=2.570
CG_LOCATION=0.575

[ARB]
FRONT=39000
REAR=5000

[FRONT]
TYPE=STRUT
BASEY=-0.11
TRACK=1.520
ROD_LENGTH=0.155
HUB_MASS=40
STRUT_CAR=0.2459, 0.4512, -0.0498
STRUT_TYRE=0.0881, -0.1182, 0.0093
WBCAR_BOTTOM_FRONT=0.3722, -0.0995, 0.308
WBCAR_BOTTOM_REAR=0.4038, -0.1045, -0.0424
WBTYRE_BOTTOM=0.0881, -0.1182, 0.0093
WBCAR_STEER=0.5833, -0.0917, -0.1417
WBTYRE_STEER=0.1088, -0.1182, -0.1304
TOE_OUT=0.00010
STATIC_CAMBER=0.5
SPRING_RATE=23000
PROGRESSIVE_SPRING_RATE=0
BUMP_STOP_RATE=50000
BUMPSTOP_UP=0.100
BUMPSTOP_DN=0.065
PACKER_RANGE=0.195
DAMP_BUMP=2250
DAMP_FAST_BUMP=1050
DAMP_FAST_BUMPTHRESHOLD=0.100
DAMP_REBOUND=6200
DAMP_FAST_REBOUND=3500
DAMP_FAST_REBOUNDTHRESHOLD=0.100

[REAR]
TYPE=DWB
BASEY=-0.11
TRACK=1.540
ROD_LENGTH=0.155
HUB_MASS=45
WBCAR_TOP_FRONT=0.4491, 0.0784, 0.1065
WBCAR_TOP_REAR=0.497, 0.0767, -0.0601
WBCAR_BOTTOM_FRONT=0.2861, -0.093, 0.2345
WBCAR_BOTTOM_REAR=0.5945, -0.1058, -0.1439
WBTYRE_TOP=0.1877, 0.1374, 0.0574
WBTYRE_BOTTOM=0.1485, -0.1278, -0.0422
WBCAR_STEER=0.4254, -0.0586, 0.1373
WBTYRE_STEER=0.1724, -0.064, 0.1362
TOE_OUT=-0.00040
STATIC_CAMBER=-1.9
SPRING_RATE=18000
PROGRESSIVE_SPRING_RATE=0
BUMP_STOP_RATE=60000
BUMPSTOP_UP=0.085
BUMPSTOP_DN=0.055
PACKER_RANGE=0.190
DAMP_BUMP=3100
DAMP_FAST_BUMP=1234	
DAMP_FAST_BUMPTHRESHOLD=0.100
DAMP_REBOUND=4300
DAMP_FAST_REBOUND=3200
DAMP_FAST_REBOUNDTHRESHOLD=0.100

[GRAPHICS_OFFSETS]
WHEEL_LF=0.01
SUSP_LF=0.01
WHEEL_RF=-0.01
SUSP_RF=-0.01
WHEEL_LR=0.01
SUSP_LR=0.01
WHEEL_RR=-0.01
SUSP_RR=-0.01

[DAMAGE]
MIN_VELOCITY=40
GAIN=0.0004
MAX_DAMAGE=0.05
DEBUG_LOG=1
